              precision    recall  f1-score   support

     T-shirt     0.8839    0.8150    0.8481      1000
     Trouser     0.9791    0.9830    0.9810      1000
    Pullover     0.9365    0.7520    0.8342      1000
       Dress     0.9058    0.8850    0.8953      1000
        Coat     0.7693    0.9070    0.8325      1000
      Sandal     0.9757    0.9630    0.9693      1000
       Shirt     0.6646    0.7350    0.6980      1000
     Sneaker     0.9275    0.9590    0.9430      1000
         Bag     0.9781    0.9840    0.9811      1000
  Ankle boot     0.9705    0.9530    0.9617      1000

    accuracy                         0.8936     10000
   macro avg     0.8991    0.8936    0.8944     10000
weighted avg     0.8991    0.8936    0.8944     10000
